% 06-Apr-2015 11:21:58
% Time, s	 Pressure, mBar	 Temperature, degC
0.005 826.4369 34.4390
0.015 826.4509 34.4396
0.025 826.4166 34.4418
0.035 826.3987 34.4449
0.045 826.4262 34.4457
0.055 826.4162 34.4463
0.065 826.4353 34.4493
0.075 826.4370 34.4520
0.085 826.4331 34.4547
0.095 826.4501 34.4567
0.105 826.4280 34.4595
0.115 826.4272 34.4601
0.125 826.4534 34.4602
0.135 826.4218 34.4638
0.145 826.4482 34.4660
0.155 826.4752 34.4675
0.164 826.4924 34.4687
0.174 826.4499 34.4687
0.184 826.4669 34.4697
0.194 826.4236 34.4712
0.204 826.4260 34.4724
0.214 826.4342 34.4747
0.224 826.4554 34.4751
0.234 826.4337 34.4744
0.244 826.4443 34.4751
0.254 826.4449 34.4763
0.264 826.4531 34.4777
0.274 826.4426 34.4798
0.284 826.4300 34.4828
0.294 826.4297 34.4817
0.304 826.4312 34.4797
0.314 826.4723 34.4826
0.324 826.4094 34.4845
0.334 826.4803 34.4848
0.344 826.4557 34.4854
0.354 826.4280 34.4864
0.364 826.4579 34.4874
0.374 826.4243 34.4864
0.384 826.4814 34.4872
0.394 826.4502 34.4883
0.404 826.4313 34.4899
0.414 826.4479 34.4908
0.424 826.4445 34.4900
0.434 826.4308 34.4905
0.444 826.4744 34.4920
0.454 826.4467 34.4920
0.464 826.4392 34.4911
0.474 826.4671 34.4948
0.484 826.4672 34.4976
0.494 826.4782 34.4958
0.504 826.4138 34.4959
0.514 826.4508 34.4978
0.524 826.4363 34.4979
0.534 826.4568 34.4962
0.544 826.4655 34.4959
0.554 826.4883 34.4971
0.564 826.4299 34.4975
0.574 826.4199 34.4990
0.584 826.4485 34.4994
0.594 826.4487 34.4986
0.604 826.4352 34.4983
0.614 826.4469 34.4995
0.624 826.4570 34.5009
0.634 826.4736 34.4990
0.644 826.4937 34.4998
0.654 826.4713 34.5034
0.664 826.4591 34.5019
0.674 826.4567 34.4998
0.684 826.4472 34.5006
0.694 826.4511 34.5007
0.704 826.4448 34.5013
0.714 826.4446 34.5030
0.724 826.4626 34.5027
0.734 826.4546 34.5025
0.744 826.4760 34.5030
0.754 826.4407 34.5038
0.764 826.4510 34.5034
0.774 826.4533 34.5027
0.784 826.4544 34.5033
0.794 826.4827 34.5035
0.804 826.4494 34.5035
0.814 826.4711 34.5061
0.824 826.4553 34.5074
0.834 826.4669 34.5049
0.844 826.4275 34.5056
0.854 826.4519 34.5076
0.864 826.4728 34.5078
0.874 826.4397 34.5070
0.884 826.4630 34.5076
0.894 826.4244 34.5077
0.904 826.4439 34.5054
0.914 826.4256 34.5046
0.924 826.4722 34.5057
0.934 826.4965 34.5068
0.944 826.4590 34.5065
0.954 826.4664 34.5074
0.964 826.4691 34.5088
0.974 826.4736 34.5082
0.984 826.4574 34.5076
0.994 826.4479 34.5074
1.004 826.4561 34.5078
1.014 826.4841 34.5080
1.024 826.4569 34.5092
1.034 826.4593 34.5094
1.044 826.4392 34.5086
1.054 826.4794 34.5074
1.064 826.4329 34.5073
1.074 826.4239 34.5093
1.084 826.4596 34.5096
1.094 826.4556 34.5094
1.104 826.4847 34.5111
1.114 826.4488 34.5107
1.124 826.4760 34.5094
1.134 826.4601 34.5099
1.144 826.4572 34.5103
1.154 826.4548 34.5081
1.164 826.4497 34.5056
1.174 826.4342 34.5080
1.184 826.4519 34.5094
1.194 826.4837 34.5105
1.204 826.4850 34.5121
1.214 826.4517 34.5112
1.224 826.4530 34.5109
1.234 826.4433 34.5107
1.244 826.4419 34.5090
1.254 826.4697 34.5100
1.264 826.4393 34.5115
1.274 826.4535 34.5103
1.284 826.4562 34.5107
1.294 826.4771 34.5119
1.304 826.4404 34.5120
1.314 826.4687 34.5123
1.324 826.4608 34.5129
1.334 826.4240 34.5121
1.344 826.4626 34.5120
1.354 826.4626 34.5129
1.364 826.4584 34.5127
1.374 826.4423 34.5129
1.384 826.4573 34.5131
1.394 826.4552 34.5129
1.404 826.4394 34.5133
1.414 826.4449 34.5124
1.424 826.4570 34.5120
1.434 826.4695 34.5136
1.444 826.4732 34.5127
1.454 826.4803 34.5125
1.464 826.4893 34.5133
1.474 826.4293 34.5129
1.484 826.4589 34.5139
1.494 826.4722 34.5150
1.504 826.4708 34.5133
1.514 826.4566 34.5136
1.524 826.4635 34.5152
1.534 826.4788 34.5145
1.544 826.4846 34.5156
1.554 826.4394 34.5152
1.564 826.4423 34.5148
1.574 826.4746 34.5152
1.584 826.4645 34.5158
1.594 826.4505 34.5152
1.604 826.4790 34.5147
1.614 826.4915 34.5163
1.624 826.4500 34.5168
1.634 826.4440 34.5175
1.644 826.4458 34.5175
1.654 826.4685 34.5168
1.664 826.4643 34.5166
1.674 826.4688 34.5151
1.684 826.5096 34.5133
1.694 826.4436 34.5136
1.704 826.4360 34.5163
1.714 826.4355 34.5179
1.724 826.4329 34.5175
1.734 826.4408 34.5159
1.744 826.4489 34.5144
1.754 826.5093 34.5178
1.764 826.4710 34.5190
1.774 826.4598 34.5152
1.784 826.4605 34.5147
1.794 826.4598 34.5171
1.804 826.4807 34.5174
1.814 826.4675 34.5172
1.824 826.4231 34.5172
1.834 826.4693 34.5163
1.844 826.4987 34.5171
1.854 826.4617 34.5180
1.864 826.4707 34.5170
1.874 826.4452 34.5154
1.884 826.4506 34.5171
1.894 826.4448 34.5170
1.904 826.4849 34.5167
1.914 826.4815 34.5178
1.924 826.4276 34.5167
1.934 826.5024 34.5171
1.944 826.4689 34.5188
1.954 826.4525 34.5199
1.964 826.4678 34.5183
1.974 826.4572 34.5167
1.984 826.4841 34.5163
1.994 826.4258 34.5186
2.004 826.5040 34.5198
2.014 826.4894 34.5180
2.024 826.4683 34.5167
2.034 826.4160 34.5174
2.044 826.4932 34.5190
2.054 826.4665 34.5186
2.064 826.4829 34.5203
2.074 826.4813 34.5205
2.084 826.4530 34.5174
2.094 826.4421 34.5156
2.104 826.4616 34.5152
2.114 826.4421 34.5166
2.124 826.4302 34.5171
2.134 826.4450 34.5171
2.144 826.4696 34.5183
2.154 826.4559 34.5188
2.164 826.4575 34.5196
2.174 826.4493 34.5192
2.184 826.4530 34.5174
2.194 826.4382 34.5174
2.204 826.4831 34.5186
2.214 826.4364 34.5192
2.224 826.4829 34.5194
2.234 826.4459 34.5203
2.244 826.4134 34.5198
2.254 826.4337 34.5188
2.264 826.4351 34.5195
2.274 826.4618 34.5199
2.284 826.4819 34.5207
2.294 826.4581 34.5199
2.304 826.4821 34.5190
2.314 826.4599 34.5190
2.324 826.4498 34.5186
2.334 826.4374 34.5188
2.344 826.4644 34.5194
2.354 826.4742 34.5196
2.364 826.4657 34.5191
2.374 826.4784 34.5199
2.384 826.4497 34.5213
2.394 826.4528 34.5200
2.404 826.4522 34.5188
2.414 826.4422 34.5184
2.424 826.4335 34.5196
2.434 826.4523 34.5207
2.444 826.4724 34.5206
2.454 826.4481 34.5214
2.464 826.4510 34.5210
2.474 826.4324 34.5191
2.484 826.4800 34.5188
2.494 826.4708 34.5207
2.504 826.4557 34.5196
2.514 826.4562 34.5190
2.524 826.4755 34.5194
2.534 826.4877 34.5199
2.544 826.4578 34.5207
2.554 826.4094 34.5196
2.564 826.4586 34.5211
2.574 826.4631 34.5215
2.584 826.4607 34.5203
2.594 826.4462 34.5223
2.604 826.4621 34.5238
2.614 826.4904 34.5241
2.624 826.4372 34.5215
2.634 826.4761 34.5206
2.644 826.4386 34.5231
2.654 826.4756 34.5231
2.664 826.4275 34.5241
2.674 826.4590 34.5231
2.684 826.4708 34.5207
2.694 826.5030 34.5221
2.704 826.4653 34.5226
2.714 826.4526 34.5227
2.724 826.4846 34.5239
2.734 826.4608 34.5231
2.744 826.4642 34.5230
2.754 826.4635 34.5235
2.764 826.4539 34.5234
2.774 826.4740 34.5242
2.784 826.4093 34.5233
2.794 826.4994 34.5230
2.804 826.4550 34.5239
2.814 826.4701 34.5241
2.824 826.4434 34.5237
2.834 826.4098 34.5226
2.844 826.4536 34.5223
2.854 826.4396 34.5218
2.864 826.4336 34.5225
2.874 826.4679 34.5230
2.884 826.4336 34.5225
2.894 826.4425 34.5223
2.904 826.4553 34.5231
2.914 826.4902 34.5239
2.924 826.4632 34.5243
2.934 826.4516 34.5250
2.944 826.4373 34.5243
2.954 826.4698 34.5230
2.964 826.4732 34.5219
2.974 826.4666 34.5214
2.984 826.4663 34.5213
2.994 826.4410 34.5225
3.004 826.4178 34.5238
3.014 826.4370 34.5233
3.024 826.4528 34.5219
3.034 826.4497 34.5231
3.044 826.4613 34.5234
3.054 826.4555 34.5223
3.064 826.4336 34.5234
3.074 826.4859 34.5237
3.084 826.4442 34.5231
3.094 826.4613 34.5234
3.104 826.4397 34.5237
3.114 826.4228 34.5235
3.124 826.4326 34.5247
3.134 826.4199 34.5249
3.144 826.4598 34.5254
3.154 826.4181 34.5258
3.164 826.4899 34.5238
3.174 826.4500 34.5242
3.184 826.4701 34.5250
3.194 826.4521 34.5243
3.204 826.4616 34.5245
3.214 826.4809 34.5249
3.224 826.4701 34.5260
3.234 826.4694 34.5265
3.244 826.4527 34.5255
3.254 826.4437 34.5247
3.264 826.4318 34.5243
3.274 826.4344 34.5238
3.284 826.4492 34.5247
3.294 826.4521 34.5243
3.304 826.4521 34.5243
3.314 826.4783 34.5264
3.324 826.4165 34.5260
3.334 826.4479 34.5260
3.344 826.4405 34.5260
3.354 826.4381 34.5247
3.364 826.4696 34.5247
3.374 826.4173 34.5245
3.384 826.4590 34.5241
3.394 826.4437 34.5247
3.404 826.4445 34.5251
3.414 826.4313 34.5260
3.424 826.4781 34.5272
3.434 826.4881 34.5266
3.444 826.4413 34.5254
3.454 826.4453 34.5255
3.464 826.4630 34.5261
3.474 826.4332 34.5269
3.484 826.4594 34.5280
3.494 826.4369 34.5269
3.504 826.4382 34.5266
3.514 826.4649 34.5280
3.524 826.4752 34.5285
3.534 826.4134 34.5272
3.544 826.4670 34.5272
3.554 826.4632 34.5253
3.564 826.4614 34.5253
3.574 826.4676 34.5284
3.584 826.4752 34.5276
3.594 826.4620 34.5284
3.604 826.4485 34.5281
3.614 826.4366 34.5258
3.624 826.4459 34.5277
3.634 826.4544 34.5292
3.644 826.4411 34.5272
3.654 826.4514 34.5268
3.664 826.4763 34.5281
3.674 826.4909 34.5298
3.684 826.4789 34.5285
3.694 826.4524 34.5264
3.704 826.4593 34.5261
3.714 826.4723 34.5270
3.724 826.4736 34.5286
3.734 826.4613 34.5298
3.744 826.4177 34.5302
3.754 826.4906 34.5288
3.764 826.4649 34.5289
3.774 826.4597 34.5290
3.784 826.4636 34.5292
3.794 826.4816 34.5298
3.804 826.4494 34.5294
3.814 826.4679 34.5294
3.824 826.4660 34.5304
3.834 826.4874 34.5290
3.844 826.4327 34.5276
3.854 826.4461 34.5278
3.864 826.4420 34.5294
3.874 826.4661 34.5313
3.884 826.4605 34.5294
3.894 826.4742 34.5289
3.904 826.4721 34.5288
3.914 826.4562 34.5282
3.924 826.4752 34.5285
3.934 826.4713 34.5312
3.944 826.4854 34.5317
3.954 826.4518 34.5297
3.964 826.4610 34.5306
3.974 826.4478 34.5315
3.984 826.4645 34.5305
3.994 826.4348 34.5296
4.004 826.4296 34.5306
4.014 826.4338 34.5300
4.024 826.4605 34.5304
4.034 826.4499 34.5306
4.044 826.4378 34.5301
4.054 826.4529 34.5321
4.064 826.4275 34.5315
4.074 826.4743 34.5317
4.084 826.4405 34.5324
4.094 826.4790 34.5313
4.104 826.4368 34.5324
4.114 826.4838 34.5309
4.124 826.4314 34.5297
4.134 826.4449 34.5300
4.144 826.4814 34.5306
4.154 826.4550 34.5313
4.164 826.4906 34.5306
4.174 826.4515 34.5315
4.184 826.4613 34.5317
4.194 826.4846 34.5313
4.204 826.4359 34.5301
4.214 826.4468 34.5309
4.224 826.4365 34.5313
4.234 826.4177 34.5302
4.244 826.4328 34.5323
4.254 826.4344 34.5331
4.264 826.4589 34.5315
4.274 826.4653 34.5319
4.284 826.4806 34.5312
4.294 826.4663 34.5305
4.304 826.5541 34.5328
4.314 826.5922 34.5333
4.324 826.6331 34.5325
4.334 826.6006 34.5339
4.344 826.5472 34.5321
4.354 826.5147 34.5316
4.364 826.4543 34.5337
4.374 826.3599 34.5337
4.384 826.3676 34.5339
4.394 826.3187 34.5335
4.404 826.2189 34.5344
4.414 826.2017 34.5360
4.424 826.1293 34.5359
4.434 825.9567 34.5328
4.444 825.7514 34.5319
4.454 825.5459 34.5345
4.464 825.3316 34.5337
4.474 825.1681 34.5324
4.484 824.9203 34.5333
4.494 824.7327 34.5348
4.504 824.5713 34.5345
4.514 824.5980 34.5340
4.524 824.6130 34.5351
4.534 824.5285 34.5353
4.544 824.5359 34.5344
4.554 824.5691 34.5335
4.564 824.5573 34.5340
4.574 824.5768 34.5345
4.584 824.5901 34.5347
4.594 824.5572 34.5331
4.604 824.5490 34.5327
4.614 824.5430 34.5343
4.624 824.5750 34.5355
4.634 824.5253 34.5356
4.644 824.5243 34.5341
4.654 824.5068 34.5328
4.664 824.5234 34.5328
4.674 824.5340 34.5344
4.684 824.5526 34.5363
4.694 824.5560 34.5361
4.704 824.5235 34.5356
4.714 824.5280 34.5351
4.724 824.5211 34.5344
4.734 824.5174 34.5363
4.744 824.5531 34.5366
4.754 824.5549 34.5356
4.764 824.5340 34.5344
4.774 824.5274 34.5339
4.784 824.5126 34.5339
4.794 824.5015 34.5329
4.804 824.4757 34.5348
4.814 824.4413 34.5361
4.824 824.4527 34.5353
4.834 824.4109 34.5348
4.844 824.4294 34.5357
4.854 824.3816 34.5359
4.864 824.3517 34.5348
4.874 824.3763 34.5351
4.884 824.4044 34.5361
4.894 824.4187 34.5378
4.904 824.4337 34.5379
4.914 824.4102 34.5372
4.924 824.3737 34.5347
4.934 824.3734 34.5355
4.944 824.3722 34.5386
4.954 824.3576 34.5378
4.964 824.3280 34.5378
4.974 824.3333 34.5357
4.984 824.3224 34.5349
4.994 824.3402 34.5364
5.004 824.2366 34.5355
5.014 824.2495 34.5364
5.024 824.2319 34.5378
5.034 824.2752 34.5372
5.044 824.2926 34.5348
5.054 824.3110 34.5339
5.064 824.2683 34.5356
5.074 824.2570 34.5374
5.084 824.2932 34.5388
5.094 824.2805 34.5371
5.104 824.2432 34.5370
5.114 824.2934 34.5380
5.124 824.2845 34.5382
5.134 824.2630 34.5376
5.144 824.2662 34.5374
5.154 824.2163 34.5374
5.164 824.2210 34.5360
5.174 824.2088 34.5364
5.184 824.2374 34.5378
5.194 824.2435 34.5380
5.204 824.2118 34.5379
5.214 824.1777 34.5384
5.224 824.2057 34.5386
5.234 824.1727 34.5378
5.244 824.1397 34.5379
5.254 824.1775 34.5383
5.264 824.1603 34.5390
5.274 824.2041 34.5387
5.284 824.2033 34.5374
5.294 824.2118 34.5370
5.304 824.1996 34.5374
5.314 824.1769 34.5361
5.324 824.2179 34.5372
5.334 824.1913 34.5406
5.344 824.1843 34.5390
5.354 824.1735 34.5382
5.364 824.1188 34.5395
5.374 824.0750 34.5388
5.384 824.1384 34.5391
5.394 824.1088 34.5410
5.404 824.1197 34.5408
5.414 824.1151 34.5395
5.424 824.1262 34.5395
5.434 824.1416 34.5407
5.444 824.1172 34.5396
5.454 824.0760 34.5394
5.464 824.1238 34.5392
5.474 824.0779 34.5384
5.484 824.1141 34.5390
5.494 824.0755 34.5391
5.504 824.0475 34.5408
5.514 824.1041 34.5414
5.524 824.1072 34.5411
5.534 824.1033 34.5400
5.544 824.0877 34.5396
5.554 824.0766 34.5406
5.564 824.0885 34.5400
5.574 824.0449 34.5414
5.584 824.0454 34.5416
5.594 824.0177 34.5407
5.604 824.0435 34.5398
5.614 824.0559 34.5395
5.624 824.0430 34.5404
5.634 824.0496 34.5410
5.644 824.0298 34.5412
5.654 824.0238 34.5419
5.664 824.0423 34.5419
5.674 824.0250 34.5398
5.684 824.0303 34.5396
5.694 824.0150 34.5403
5.704 824.0303 34.5406
5.714 824.0346 34.5418
5.724 823.9905 34.5410
5.734 824.0290 34.5399
5.744 824.0119 34.5406
5.754 823.9669 34.5403
5.764 823.9162 34.5408
5.774 823.9596 34.5412
5.784 823.9083 34.5415
5.794 823.8975 34.5407
5.804 823.9202 34.5400
5.814 823.9165 34.5410
5.824 823.9643 34.5418
5.834 823.9340 34.5423
5.844 823.9712 34.5425
5.854 823.9459 34.5427
5.864 823.9635 34.5423
5.874 823.9424 34.5438
5.884 823.9213 34.5434
5.894 823.9023 34.5431
5.904 823.9565 34.5443
5.914 823.9408 34.5430
5.924 823.9414 34.5423
5.934 823.8948 34.5422
5.944 823.9215 34.5426
5.954 823.8962 34.5429
5.964 823.9250 34.5425
5.974 823.9229 34.5433
5.984 823.8952 34.5451
5.994 823.9057 34.5439
6.004 823.8677 34.5434
6.014 823.8967 34.5441
6.024 823.9057 34.5430
6.034 823.9073 34.5429
6.044 823.8798 34.5430
6.054 823.8904 34.5437
6.064 823.8904 34.5437
6.074 823.8898 34.5425
6.084 823.8761 34.5430
6.094 823.8342 34.5451
6.104 823.8794 34.5465
6.114 823.8825 34.5462
6.124 823.8968 34.5450
6.134 823.9166 34.5447
6.144 823.8957 34.5454
6.154 823.8830 34.5446
6.164 823.9173 34.5433
6.174 823.8938 34.5435
6.184 823.9211 34.5442
6.194 823.9147 34.5447
6.204 823.8413 34.5459
6.214 823.8992 34.5453
6.224 823.9010 34.5453
6.234 823.9142 34.5454
6.244 823.8785 34.5442
6.254 823.8611 34.5438
6.264 823.8824 34.5425
6.274 823.8894 34.5450
6.284 823.8535 34.5465
6.294 823.8529 34.5434
6.304 823.8679 34.5435
6.314 823.9010 34.5443
6.324 823.8587 34.5435
6.334 823.8370 34.5438
6.344 823.8352 34.5447
6.354 823.8352 34.5457
6.364 823.8838 34.5459
6.374 823.8688 34.5467
6.384 823.8796 34.5466
6.394 823.8666 34.5447
6.404 823.8738 34.5446
6.414 823.8754 34.5454
6.424 823.8865 34.5454
6.434 823.8627 34.5455
6.444 823.8891 34.5458
6.454 823.8516 34.5455
6.464 823.8757 34.5465
6.474 823.9145 34.5474
6.484 823.8854 34.5458
6.494 823.8849 34.5455
6.504 823.8939 34.5463
6.514 823.9195 34.5462
6.524 823.8957 34.5463
6.534 823.9045 34.5461
6.544 823.9013 34.5463
6.554 823.9077 34.5477
6.564 823.9444 34.5485
6.574 823.9193 34.5480
6.584 823.9380 34.5471
6.594 823.8945 34.5476
6.604 823.8982 34.5485
6.614 823.9127 34.5465
6.624 823.9179 34.5463
6.634 823.9222 34.5485
6.644 823.9386 34.5484
6.654 823.9196 34.5481
6.664 823.9513 34.5492
6.674 823.9315 34.5504
6.684 823.9320 34.5506
6.694 823.9249 34.5498
6.704 823.9314 34.5466
6.714 823.9233 34.5481
6.724 823.9194 34.5508
6.734 823.9547 34.5490
6.744 823.9344 34.5481
6.754 823.9328 34.5482
6.764 823.9386 34.5474
6.774 823.9032 34.5473
6.784 823.8873 34.5486
6.794 823.9032 34.5492
6.804 823.9360 34.5508
6.814 823.9162 34.5501
6.824 823.9214 34.5481
6.834 823.8844 34.5481
6.844 823.8871 34.5485
6.854 823.8768 34.5489
6.864 823.8831 34.5484
6.874 823.9209 34.5497
6.884 823.9069 34.5501
6.894 823.8717 34.5482
6.904 823.8845 34.5500
6.914 823.9046 34.5508
6.924 823.9463 34.5504
6.934 823.9381 34.5490
6.944 823.9307 34.5481
6.954 823.9127 34.5493
6.964 823.9505 34.5497
6.974 823.9082 34.5498
6.984 823.9505 34.5506
6.994 823.9566 34.5509
7.004 823.9165 34.5512
7.014 823.9751 34.5500
7.024 823.9843 34.5481
7.034 823.9526 34.5489
7.044 823.9225 34.5505
7.054 823.9683 34.5512
7.064 823.9783 34.5497
7.074 823.9828 34.5510
7.084 823.9973 34.5518
7.094 823.9508 34.5498
7.104 824.0121 34.5490
7.114 824.0208 34.5478
7.124 823.9854 34.5486
7.134 824.0288 34.5509
7.144 824.0066 34.5509
7.154 824.0230 34.5517
7.164 824.0193 34.5517
7.174 824.0348 34.5512
7.184 824.0742 34.5514
7.194 824.0718 34.5512
7.204 824.1178 34.5529
7.214 824.1091 34.5513
7.224 824.0872 34.5514
7.234 824.0761 34.5543
7.244 824.0983 34.5533
7.254 824.1036 34.5522
7.264 824.1286 34.5518
7.274 824.1424 34.5522
7.284 824.1419 34.5539
7.294 824.1871 34.5552
7.304 824.2064 34.5556
7.314 824.1869 34.5560
7.324 824.1937 34.5548
7.334 824.1929 34.5535
7.344 824.1815 34.5533
7.354 824.1818 34.5535
7.364 824.1831 34.5532
7.374 824.1596 34.5535
7.384 824.2145 34.5522
7.394 824.2127 34.5532
7.404 824.2307 34.5548
7.414 824.2045 34.5537
7.424 824.2682 34.5541
7.434 824.2492 34.5548
7.444 824.2526 34.5547
7.454 824.2463 34.5543
7.464 824.2373 34.5544
7.474 824.2788 34.5539
7.484 824.2648 34.5543
7.494 824.2759 34.5543
7.504 824.2740 34.5543
7.514 824.2978 34.5551
7.524 824.3203 34.5552
7.534 824.3131 34.5544
7.544 824.2935 34.5529
7.554 824.3094 34.5525
7.564 824.3450 34.5518
7.574 824.3498 34.5533
7.584 824.3689 34.5545
7.594 824.3882 34.5549
7.604 824.3758 34.5571
7.614 824.3993 34.5568
7.624 824.3390 34.5535
7.634 824.4040 34.5536
7.644 824.3665 34.5552
7.654 824.3774 34.5551
7.664 824.4130 34.5553
7.674 824.4276 34.5571
7.684 824.4643 34.5560
7.694 824.4204 34.5544
7.704 824.4432 34.5556
7.714 824.4632 34.5555
7.724 824.4474 34.5559
7.734 824.4651 34.5555
7.744 824.5124 34.5551
7.754 824.4762 34.5564
7.764 824.5061 34.5565
7.774 824.5071 34.5561
7.784 824.5391 34.5555
7.794 824.4979 34.5561
7.804 824.5288 34.5559
7.814 824.5480 34.5535
7.824 824.5338 34.5547
7.834 824.5452 34.5557
7.844 824.5372 34.5545
7.854 824.5473 34.5559
7.864 824.6070 34.5580
7.874 824.5925 34.5563
7.884 824.5988 34.5557
7.894 824.5750 34.5559
7.904 824.5665 34.5553
7.914 824.6086 34.5569
7.924 824.6340 34.5567
7.934 824.5887 34.5544
7.944 824.6731 34.5568
7.954 824.6538 34.5592
7.964 824.6554 34.5572
7.974 824.6926 34.5564
7.984 824.6971 34.5577
7.994 824.7259 34.5583
8.004 824.7392 34.5584
8.014 824.7270 34.5588
8.024 824.7624 34.5590
8.034 824.7737 34.5572
8.044 824.7457 34.5552
8.054 824.7822 34.5559
8.064 824.8068 34.5580
8.074 824.8155 34.5577
8.084 824.7748 34.5559
8.094 824.8434 34.5551
8.104 824.8236 34.5563
8.114 824.8417 34.5588
8.124 824.8575 34.5584
8.134 824.8210 34.5577
8.144 824.8610 34.5583
8.154 824.8567 34.5590
8.164 824.9096 34.5576
8.174 824.9220 34.5573
8.184 824.8993 34.5599
8.194 824.9540 34.5604
8.204 824.9815 34.5594
8.214 825.0145 34.5592
8.224 825.0000 34.5594
8.234 825.0166 34.5594
8.244 825.0124 34.5582
8.254 825.0189 34.5568
8.264 825.0058 34.5586
8.274 825.0309 34.5610
8.284 825.0058 34.5604
8.294 825.0840 34.5588
8.304 825.1088 34.5583
8.314 825.0747 34.5579
8.324 825.1112 34.5586
8.334 825.1228 34.5598
8.344 825.1630 34.5595
8.354 825.1554 34.5612
8.364 825.1792 34.5620
8.374 825.2293 34.5603
8.384 825.1968 34.5588
8.394 825.2280 34.5587
8.404 825.2151 34.5624
8.414 825.2809 34.5630
8.424 825.2230 34.5608
8.434 825.2222 34.5604
8.444 825.2069 34.5602
8.454 825.2156 34.5599
8.464 825.2602 34.5591
8.474 825.2650 34.5606
8.484 825.2648 34.5623
8.494 825.2653 34.5616
8.504 825.2587 34.5611
8.514 825.2462 34.5604
8.524 825.2946 34.5596
8.534 825.2784 34.5590
8.544 825.2790 34.5602
8.554 825.2984 34.5624
8.564 825.3004 34.5616
8.574 825.3197 34.5620
8.584 825.4125 34.5631
8.594 825.3620 34.5610
8.604 825.3802 34.5599
8.614 825.4264 34.5599
8.624 825.4449 34.5608
8.634 825.4381 34.5611
8.644 825.4677 34.5602
8.654 825.4854 34.5607
8.664 825.4796 34.5615
8.674 825.5142 34.5622
8.684 825.4580 34.5637
8.694 825.5214 34.5630
8.704 825.5507 34.5619
8.714 825.5473 34.5630
8.724 825.5203 34.5615
8.734 825.5477 34.5614
8.744 825.5787 34.5630
8.754 854.3067 34.5490
8.764 824.3197 34.5308
8.774 825.9564 34.5289
8.784 825.9466 34.5305
8.794 826.0462 34.5294
8.804 826.0422 34.5284
8.814 826.0321 34.5280
8.824 826.0850 34.5294
8.834 826.0703 34.5313
8.844 826.0621 34.5309
8.854 826.0317 34.5305
8.864 826.0632 34.5315
8.874 826.0613 34.5315
8.884 826.0311 34.5293
8.894 826.0464 34.5286
8.904 826.0452 34.5308
8.914 826.0666 34.5323
8.924 826.0978 34.5321
8.934 826.1088 34.5302
8.944 826.0908 34.5296
8.954 826.1144 34.5321
8.964 826.0297 34.5332
8.974 826.0513 34.5320
8.984 826.1012 34.5320
8.994 826.0867 34.5321
9.004 826.0529 34.5319
9.014 826.0630 34.5341
9.024 826.0905 34.5359
9.034 826.0780 34.5333
9.044 826.0354 34.5315
9.054 826.0396 34.5308
9.064 826.0304 34.5308
9.074 826.0457 34.5320
9.084 826.0539 34.5324
9.094 826.0695 34.5319
9.104 826.0716 34.5310
9.114 826.0867 34.5331
9.124 826.1090 34.5368
9.134 826.1056 34.5360
9.144 826.1256 34.5331
9.154 826.0880 34.5328
9.164 826.0965 34.5324
9.174 826.1015 34.5312
9.184 826.1110 34.5313
9.194 826.1007 34.5327
9.204 826.1187 34.5333
9.214 826.1036 34.5332
9.224 826.1152 34.5325
9.234 826.1062 34.5317
9.244 826.0975 34.5320
9.254 826.0674 34.5308
9.264 826.0772 34.5339
9.274 826.0950 34.5353
9.284 826.0920 34.5339
9.294 826.1005 34.5344
9.304 826.1142 34.5339
9.314 826.0804 34.5345
9.324 826.0862 34.5337
9.334 826.0732 34.5328
9.344 826.1039 34.5343
9.354 826.1586 34.5348
9.364 826.1074 34.5360
9.374 826.1093 34.5370
9.384 826.1275 34.5359
9.394 826.1087 34.5339
9.404 826.1274 34.5331
9.414 826.1423 34.5349
9.424 826.1037 34.5351
9.434 826.1820 34.5372
9.444 824.6419 34.5384
9.454 826.1795 34.5351
9.464 826.1034 34.5331
9.474 826.1050 34.5348
9.484 826.1830 34.5368
9.494 826.1259 34.5360
9.504 826.1412 34.5344
9.514 826.1259 34.5341
9.524 826.1206 34.5343
9.534 826.1193 34.5345
9.544 826.1090 34.5349
9.554 826.1180 34.5357
9.564 826.1766 34.5355
9.574 826.1444 34.5351
9.584 826.0931 34.5353
9.594 826.1909 34.5361
9.604 826.1471 34.5364
9.614 826.1608 34.5359
9.624 826.1449 34.5353
9.634 826.1425 34.5351
9.644 826.1415 34.5355
9.654 826.1341 34.5355
9.664 826.1370 34.5360
9.674 826.1471 34.5364
9.684 826.1452 34.5364
9.694 826.1188 34.5361
9.704 826.1000 34.5360
9.714 826.1034 34.5349
9.724 826.1504 34.5344
9.734 826.1581 34.5355
9.744 826.1927 34.5352
9.754 826.0997 34.5340
9.764 826.0941 34.5340
9.774 826.1290 34.5329
9.784 826.0704 34.5351
9.794 826.1151 34.5361
9.804 826.0873 34.5333
9.814 826.1084 34.5337
9.824 826.0934 34.5355
9.834 826.1346 34.5357
9.844 826.0870 34.5351
9.854 826.0896 34.5336
9.864 826.1095 34.5333
9.874 826.1303 34.5327
9.884 826.1232 34.5328
9.894 826.1221 34.5332
9.904 826.1739 34.5332
9.914 826.1248 34.5355
9.924 826.1285 34.5355
9.934 826.1486 34.5344
9.944 826.1515 34.5359
9.954 826.1206 34.5361
9.964 826.1177 34.5337
9.974 825.7111 34.5348
9.984 826.1827 34.5367
9.994 826.1473 34.5356
10.004 826.1177 34.5347
10.014 826.1357 34.5363
10.024 826.1555 34.5360
10.034 826.1690 34.5353
10.044 826.1872 34.5361
10.054 826.1388 34.5351
10.064 826.1555 34.5351
10.074 826.1711 34.5355
10.084 826.1478 34.5349
10.094 826.1729 34.5355
10.104 826.1417 34.5347
10.114 826.1430 34.5344
10.124 826.1544 34.5355
10.134 826.1513 34.5357
10.144 826.0788 34.5347
10.154 826.1753 34.5348
10.164 826.1682 34.5368
10.174 826.1434 34.5374
10.184 826.1571 34.5368
10.194 826.1711 34.5374
10.204 826.1571 34.5368
10.214 826.1302 34.5372
10.224 826.1698 34.5386
10.234 826.1624 34.5367
10.244 826.1811 34.5349
10.254 826.1502 34.5352
10.264 826.1991 34.5366
10.274 826.1608 34.5368
10.284 826.1827 34.5367
10.294 826.2015 34.5368
10.304 826.1939 34.5376
10.314 826.1976 34.5376
10.324 826.1722 34.5370
10.334 826.1656 34.5364
10.344 826.1357 34.5353
10.354 826.1365 34.5357
10.364 826.1687 34.5371
10.374 826.1370 34.5360
10.384 826.1795 34.5341
10.394 826.1616 34.5363
10.404 826.1577 34.5380
10.414 826.1659 34.5375
10.424 826.1736 34.5395
10.434 826.1604 34.5403
10.444 826.1389 34.5379
10.454 826.1312 34.5368
10.464 826.1719 34.5378
10.474 826.1360 34.5383
10.484 826.1366 34.5395
10.494 826.1292 34.5395
10.504 826.1527 34.5383
10.514 826.1217 34.5367
10.524 826.1521 34.5361
10.534 826.1598 34.5382
10.544 826.1606 34.5376
10.554 826.1883 34.5386
10.564 826.1493 34.5403
10.574 826.2040 34.5399
10.584 826.1664 34.5396
10.594 826.1598 34.5400
10.604 826.1607 34.5404
10.614 826.1725 34.5380
10.624 826.1735 34.5386
10.634 826.1683 34.5406
10.644 826.1458 34.5395
10.654 826.1736 34.5404
10.664 826.1736 34.5404
10.674 826.1831 34.5387
10.684 826.1643 34.5395
10.694 826.1572 34.5406
10.704 826.1477 34.5414
10.714 826.1985 34.5427
10.724 826.1800 34.5427
10.734 826.1696 34.5394
10.744 826.1519 34.5388
10.754 826.1585 34.5403
10.764 826.1482 34.5379
10.774 826.1664 34.5378
10.784 826.1488 34.5400
10.794 826.1881 34.5403
10.804 826.1308 34.5394
10.814 826.1572 34.5406
10.824 826.1718 34.5423
10.834 826.1676 34.5421
10.844 826.1942 34.5415
10.854 826.1538 34.5407
10.864 826.1662 34.5395
10.874 826.1384 34.5386
10.884 826.1601 34.5402
10.894 826.1718 34.5414
10.904 826.1807 34.5403
10.914 826.2172 34.5400
10.924 826.1263 34.5399
10.934 826.1810 34.5414
10.944 826.1589 34.5433
10.954 826.1414 34.5419
10.964 826.1490 34.5411
10.974 826.1681 34.5414
10.984 826.1517 34.5415
10.994 826.1470 34.5429
11.004 826.1518 34.5434
11.014 826.1509 34.5421
11.024 826.1599 34.5419
11.034 826.1411 34.5418
11.044 826.1699 34.5404
11.054 826.1628 34.5425
11.064 826.1941 34.5442
11.074 826.1681 34.5433
11.084 826.1705 34.5426
11.094 826.1280 34.5426
11.104 826.1694 34.5411
11.114 826.1311 34.5414
11.124 826.1216 34.5431
11.134 826.1652 34.5437
11.144 826.1962 34.5453
11.154 826.1653 34.5446
11.164 826.1681 34.5423
11.174 826.1269 34.5421
11.184 826.1827 34.5441
11.194 826.1748 34.5447
11.204 826.1568 34.5431
11.214 826.1423 34.5442
11.224 826.1270 34.5449
11.234 826.1362 34.5430
11.244 826.1486 34.5437
11.254 826.1912 34.5446
11.264 826.1248 34.5429
11.274 826.1880 34.5439
11.284 826.1463 34.5453
11.294 826.1436 34.5439
11.304 826.2118 34.5447
11.314 826.1444 34.5453
11.324 826.1082 34.5447
11.334 826.1557 34.5445
11.344 826.1282 34.5437
11.354 826.1671 34.5437
11.364 826.1840 34.5438
11.374 826.1803 34.5447
11.384 826.1915 34.5457
11.394 826.1608 34.5442
11.404 826.1412 34.5446
11.414 826.1801 34.5446
11.424 826.1624 34.5450
11.434 826.1772 34.5469
11.444 826.1418 34.5458
11.454 826.1677 34.5458
11.464 826.1795 34.5443
11.474 826.1692 34.5438
11.484 826.1726 34.5437
11.494 826.1462 34.5434
11.504 826.1581 34.5447
11.514 826.1790 34.5431
11.524 826.1460 34.5442
11.534 826.1685 34.5453
11.544 826.1722 34.5462
11.554 826.1875 34.5465
11.564 826.1774 34.5433
11.574 826.1679 34.5441
11.584 826.1680 34.5478
11.594 826.1625 34.5497
11.604 826.1559 34.5492
11.614 826.1413 34.5465
11.624 826.1666 34.5453
11.634 826.1347 34.5469
11.644 826.1498 34.5489
11.654 826.1517 34.5489
11.664 826.1714 34.5467
11.674 826.1434 34.5457
11.684 826.1656 34.5466
11.694 826.1215 34.5467
11.704 826.1962 34.5462
11.714 826.1432 34.5474
11.724 826.1363 34.5467
11.734 826.1801 34.5465
11.744 826.1474 34.5477
11.754 826.1585 34.5486
11.764 826.1638 34.5504
11.774 826.1434 34.5485
11.784 826.1479 34.5470
11.794 826.1685 34.5471
11.804 826.1622 34.5477
11.814 826.1691 34.5484
11.824 826.1463 34.5462
11.834 826.1508 34.5457
11.844 826.1785 34.5466
11.854 826.1651 34.5482
11.864 826.1675 34.5494
11.874 826.1553 34.5470
11.884 826.1405 34.5461
11.894 826.1622 34.5477
11.904 826.1818 34.5482
11.914 826.1638 34.5485
11.924 826.1735 34.5478
11.934 826.1764 34.5474
11.944 826.1516 34.5480
11.954 826.1490 34.5485
11.964 826.1488 34.5502
11.974 826.1681 34.5497
11.984 826.1389 34.5481
11.994 826.1432 34.5484
12.004 826.1797 34.5490
12.014 826.1738 34.5489
12.024 826.1617 34.5484
12.034 826.1461 34.5498
12.044 826.1697 34.5505
12.054 826.1435 34.5494
12.064 826.1530 34.5486
12.074 826.1796 34.5481
12.084 826.1818 34.5482
12.094 826.1916 34.5494
12.104 826.1971 34.5504
12.114 826.1688 34.5492
12.124 826.1728 34.5484
12.134 826.1614 34.5492
12.144 826.2077 34.5510
12.154 826.1979 34.5508
12.164 826.2053 34.5489
12.174 826.1760 34.5490
12.184 826.1514 34.5506
12.194 826.1705 34.5509
12.204 826.1651 34.5492
12.214 826.2011 34.5486
12.224 826.2022 34.5501
12.234 826.1512 34.5514
12.244 826.1795 34.5517
12.254 826.1781 34.5510
12.264 826.1718 34.5506
12.274 826.1522 34.5510
12.284 826.1604 34.5514
12.294 826.1649 34.5518
12.304 826.1586 34.5514
12.314 826.1718 34.5497
12.324 826.1538 34.5509
12.334 826.1737 34.5535
12.344 826.1509 34.5513
12.354 826.1507 34.5512
12.364 826.1383 34.5524
12.374 826.1565 34.5513
12.384 826.1510 34.5522
12.394 826.1528 34.5532
12.404 826.1766 34.5531
12.414 826.1510 34.5532
12.424 826.1774 34.5535
12.434 826.1522 34.5510
12.444 826.1445 34.5500
12.454 826.1388 34.5508
12.464 826.1530 34.5505
12.474 826.1678 34.5505
12.484 826.1908 34.5509
12.494 826.1510 34.5522
12.504 826.1448 34.5510
12.514 826.1433 34.5512
12.524 826.1888 34.5536
12.534 826.1571 34.5535
12.544 826.1742 34.5528
12.554 826.1364 34.5524
12.564 826.1787 34.5513
12.574 826.1568 34.5524
12.584 826.1668 34.5518
12.594 826.1731 34.5504
12.604 826.1919 34.5514
12.614 826.1578 34.5520
12.624 826.1378 34.5531
12.634 826.1645 34.5535
12.644 826.1713 34.5532
12.654 826.1536 34.5527
12.664 826.1959 34.5516
12.674 826.1692 34.5512
12.684 826.1602 34.5522
12.694 826.1602 34.5532
12.704 826.1843 34.5551
12.714 826.1418 34.5569
12.724 826.1645 34.5553
12.734 826.1753 34.5543
12.744 826.1605 34.5543
12.754 826.1311 34.5525
12.764 826.1496 34.5525
12.774 826.1452 34.5540
12.784 826.1587 34.5543
12.794 826.1716 34.5543
12.804 826.1877 34.5540
12.814 826.1510 34.5551
12.824 826.1722 34.5555
12.834 826.1780 34.5556
12.844 826.1362 34.5551
12.854 826.1550 34.5543
12.864 826.1664 34.5572
12.874 826.1683 34.5582
12.884 826.1419 34.5579
12.894 826.1918 34.5579
12.904 826.1851 34.5555
12.914 826.1444 34.5545
12.924 826.1479 34.5553
12.934 826.1545 34.5568
12.944 826.1960 34.5582
12.954 826.1860 34.5577
12.964 826.1463 34.5564
12.974 826.1704 34.5564
12.984 826.1764 34.5567
12.994 826.1516 34.5563
13.004 826.1852 34.5564
13.014 826.1912 34.5567
13.024 826.1688 34.5565
13.034 826.1450 34.5576
13.044 826.1852 34.5592
13.054 826.1839 34.5576
13.064 826.1606 34.5561
13.074 826.1712 34.5568
13.084 826.1593 34.5573
13.094 826.1587 34.5561
13.104 826.1547 34.5541
13.114 826.1626 34.5544
13.124 826.1555 34.5555
13.134 826.1304 34.5549
13.144 826.1555 34.5555
13.154 826.1786 34.5577
13.164 826.1910 34.5584
13.174 826.1767 34.5577
13.184 826.1746 34.5576
13.194 826.1628 34.5591
13.204 826.1913 34.5595
13.214 826.2077 34.5594
13.224 826.1625 34.5599
13.234 826.1837 34.5594
13.244 826.1926 34.5592
13.254 826.2162 34.5599
13.264 826.2053 34.5582
13.274 826.1651 34.5584
13.284 826.1477 34.5599
13.294 826.1866 34.5590
13.304 826.1923 34.5582
13.314 826.1535 34.5582
13.324 826.1514 34.5590
13.334 826.1670 34.5594
13.344 826.1456 34.5588
13.354 826.1672 34.5576
13.364 826.1675 34.5577
13.374 826.1802 34.5586
13.384 826.1533 34.5590
13.394 826.1924 34.5591
13.404 826.1786 34.5587
13.414 826.1665 34.5600
13.424 826.1723 34.5602
13.434 826.1873 34.5575
13.444 826.1490 34.5568
13.454 826.1881 34.5588
13.464 826.1565 34.5596
13.474 826.1702 34.5591
13.484 826.1982 34.5592
13.494 826.1562 34.5595
13.504 826.1786 34.5596
13.514 826.1974 34.5607
13.524 826.2027 34.5606
13.534 826.1385 34.5590
13.544 826.1892 34.5594
13.554 826.1948 34.5603
13.564 826.1824 34.5606
13.574 826.1729 34.5604
13.584 826.1660 34.5598
13.594 826.1652 34.5603
13.604 826.1541 34.5603
13.614 826.1636 34.5595
13.624 826.1477 34.5599
13.634 826.1749 34.5587
13.644 826.1781 34.5603
13.654 826.1882 34.5616
13.664 826.1425 34.5600
13.674 826.1586 34.5598
13.684 826.1359 34.5604
13.694 826.1597 34.5612
13.704 826.1692 34.5623
13.714 826.1542 34.5631
13.724 826.1391 34.5611
13.734 826.2225 34.5603
13.744 826.1658 34.5615
13.754 826.1819 34.5612
13.764 826.1721 34.5628
13.774 826.1904 34.5646
13.784 826.1904 34.5637
13.794 826.1666 34.5628
13.804 826.1650 34.5630
13.814 826.1716 34.5635
13.824 826.1330 34.5627
13.834 826.1618 34.5623
13.844 826.2177 34.5653
13.854 826.1696 34.5662
13.864 826.1685 34.5657
13.874 826.1859 34.5642
13.884 826.1534 34.5627
13.894 826.1809 34.5635
13.904 826.1576 34.5639
13.914 826.1766 34.5632
13.924 826.1735 34.5626
13.934 826.1714 34.5634
13.944 826.1743 34.5630
13.954 826.1621 34.5624
13.964 826.1928 34.5649
13.974 826.1608 34.5637
13.984 826.1663 34.5618
13.994 826.1692 34.5632
14.004 826.1703 34.5638
14.014 826.1606 34.5645
14.024 826.1767 34.5642
14.034 826.1688 34.5658
14.044 826.1455 34.5653
14.054 826.1672 34.5641
14.064 826.1775 34.5646
14.074 826.1632 34.5639
14.084 826.1468 34.5641
14.094 826.1701 34.5646
14.104 826.1595 34.5658
14.114 826.1725 34.5658
14.124 826.1426 34.5657
14.134 826.1802 34.5678
14.144 826.1664 34.5655
14.154 826.1611 34.5638
14.164 826.1825 34.5643
14.174 826.1587 34.5635
14.184 826.1614 34.5667
14.194 826.1992 34.5681
14.204 826.1836 34.5658
14.214 826.1738 34.5665
14.224 826.1847 34.5682
14.234 826.1471 34.5661
14.244 826.1621 34.5643
14.254 826.1603 34.5653
14.264 826.1606 34.5654
14.274 826.1640 34.5662
14.284 826.1693 34.5661
14.294 826.1709 34.5641
14.304 826.1912 34.5641
14.314 826.1851 34.5647
14.324 826.1838 34.5650
14.334 826.1455 34.5653
14.344 826.1691 34.5669
14.354 826.1607 34.5682
14.364 826.1974 34.5671
14.374 826.2085 34.5671
14.384 826.1976 34.5663
14.394 826.1879 34.5679
14.404 826.1650 34.5704
14.414 826.2209 34.5687
14.424 826.1826 34.5671
14.434 826.2043 34.5678
14.444 826.1721 34.5693
14.454 826.1758 34.5702
14.464 826.2000 34.5685
14.474 826.1744 34.5686
14.484 826.1748 34.5716
14.494 826.1814 34.5712
14.504 826.1773 34.5692
14.514 826.1488 34.5678
14.524 826.1948 34.5686
14.534 826.1615 34.5686
14.544 826.1903 34.5682
14.554 826.1668 34.5694
14.564 826.1639 34.5698
14.574 826.2072 34.5693
14.584 826.1871 34.5685
14.594 826.1940 34.5682
14.604 826.1708 34.5705
14.614 826.1690 34.5724
14.624 826.1748 34.5725
14.634 826.1985 34.5714
14.644 826.1835 34.5713
14.654 826.1517 34.5702
14.664 826.1499 34.5693
14.674 826.1900 34.5700
14.684 826.2054 34.5693
14.694 826.2028 34.5708
14.704 826.1756 34.5729
14.714 826.1788 34.5736
14.724 826.1956 34.5718
14.734 826.1753 34.5700
14.744 826.1842 34.5698
14.754 826.1782 34.5714
14.764 826.1796 34.5740
14.774 826.2007 34.5734
14.784 826.2086 34.5718
14.794 826.1517 34.5702
14.804 826.1853 34.5704
14.814 826.1774 34.5710
14.824 826.1769 34.5717
14.834 826.1785 34.5725
14.844 826.1650 34.5713
14.854 826.2031 34.5728
14.864 826.1603 34.5726
14.874 826.1713 34.5717
14.884 826.1999 34.5721
14.894 826.1938 34.5709
14.904 826.1946 34.5713
14.914 826.1452 34.5725
14.924 826.1936 34.5736
14.934 826.2034 34.5748
14.944 826.1561 34.5743
14.954 826.1729 34.5725
14.964 826.1513 34.5728
14.974 826.1775 34.5738
14.984 826.1714 34.5745
14.994 826.1656 34.5734
15.004 826.1608 34.5720
15.014 826.1753 34.5718
15.024 826.1867 34.5729
15.034 826.1526 34.5734
15.044 826.2002 34.5732
15.054 826.1630 34.5749
15.064 826.1778 34.5759
15.074 826.1944 34.5749
15.084 826.1838 34.5743
15.094 826.2139 34.5726
15.104 826.1408 34.5740
15.114 826.1881 34.5755
15.124 826.1983 34.5732
15.134 826.1954 34.5736
15.144 826.1696 34.5745
15.154 826.1445 34.5740
15.164 826.1746 34.5743
15.174 826.1791 34.5765
15.184 826.1714 34.5745
15.194 826.1373 34.5741
15.204 826.1606 34.5756
15.214 826.1833 34.5749
15.224 826.2058 34.5751
15.234 826.1677 34.5745
15.244 826.1659 34.5755
15.254 826.1651 34.5760
15.264 826.2109 34.5767
15.274 826.1603 34.5755
15.284 826.1513 34.5737
15.294 826.1701 34.5738
15.304 826.1862 34.5745
15.314 826.1828 34.5756
15.324 826.1714 34.5755
15.334 826.1928 34.5741
15.344 826.1693 34.5734
15.354 826.2071 34.5738
15.364 826.1854 34.5751
15.374 826.1677 34.5745
15.384 826.1794 34.5748
15.394 826.1786 34.5753
15.404 826.1836 34.5751
15.414 826.1741 34.5759
15.424 826.1915 34.5744
15.434 826.1807 34.5755
15.444 826.1683 34.5776
15.454 826.1530 34.5764
15.464 826.1926 34.5749
15.474 826.1881 34.5745
15.484 826.1601 34.5772
15.494 826.1837 34.5779
15.504 826.2048 34.5764
15.514 826.1659 34.5764
15.524 826.1807 34.5773
15.534 826.1818 34.5788
15.544 826.1895 34.5789
15.554 826.1625 34.5775
15.564 826.1678 34.5773
15.574 826.1863 34.5773
15.584 826.1934 34.5772
15.594 826.1667 34.5768
15.604 826.1794 34.5748
15.614 826.1471 34.5753
15.624 826.1744 34.5779
15.634 826.1927 34.5777
15.644 826.2135 34.5771
15.654 826.1884 34.5784
15.664 826.2204 34.5777
15.674 826.1720 34.5767
15.684 826.1609 34.5767
15.694 826.1927 34.5777
15.704 826.1768 34.5781
15.714 826.1808 34.5783
15.724 826.1409 34.5787
15.734 826.2114 34.5788
15.744 826.1927 34.5787
15.754 826.2226 34.5807
15.764 826.2073 34.5814
15.774 826.1853 34.5787
15.784 826.1834 34.5787
15.794 826.2022 34.5798
15.804 826.1958 34.5784
15.814 826.1911 34.5779
15.824 826.1702 34.5785
15.834 826.1345 34.5783
15.844 826.1475 34.5792
15.854 826.2006 34.5799
15.864 826.1771 34.5802
15.874 826.1814 34.5804
15.884 826.1887 34.5785
15.894 826.1570 34.5775
15.904 826.1890 34.5777
15.914 826.1895 34.5771
15.924 826.1824 34.5781
15.934 826.1853 34.5796
15.944 826.1650 34.5806
15.954 826.1687 34.5815
15.964 826.1610 34.5804
15.974 826.1729 34.5799
15.984 826.1478 34.5803
15.994 826.1687 34.5796
16.004 826.2326 34.5792
16.014 826.1843 34.5800
16.024 826.1539 34.5824
16.034 826.1751 34.5828
16.044 826.1243 34.5815
16.054 826.1854 34.5815
16.064 826.1653 34.5816
16.074 826.1885 34.5812
16.084 826.1592 34.5814
16.094 826.1914 34.5818
16.104 826.2126 34.5822
16.114 826.1859 34.5827
16.124 826.1626 34.5812
16.134 826.2017 34.5804
16.144 826.1927 34.5806
16.154 826.1930 34.5807
16.164 826.1941 34.5812
16.174 826.1480 34.5795
16.184 826.1639 34.5800
16.194 826.1547 34.5819
16.204 826.2079 34.5826
16.214 826.1941 34.5822
16.224 826.1985 34.5807
16.234 826.1925 34.5814
16.244 826.2097 34.5835
16.254 826.1820 34.5835
16.264 826.1798 34.5824
16.274 826.2094 34.5824
16.284 826.2039 34.5824
16.294 826.2047 34.5838
16.304 826.1754 34.5839
16.314 826.1840 34.5818
16.324 826.1846 34.5811
16.334 826.1867 34.5831
16.344 826.1854 34.5834
16.354 826.1225 34.5815
16.364 826.1362 34.5819
16.374 826.1703 34.5823
16.384 826.1701 34.5840
16.394 826.1857 34.5835
16.404 826.1148 34.5823
16.414 826.1891 34.5824
16.424 826.1753 34.5820
16.434 826.1931 34.5835
16.444 826.1701 34.5840
16.454 826.1873 34.5843
16.464 826.1614 34.5843
16.474 826.1835 34.5824
16.484 826.1851 34.5832
16.494 826.1912 34.5835
16.504 826.1783 34.5826
16.514 826.1601 34.5836
16.524 826.1622 34.5857
16.534 826.1873 34.5862
16.544 826.2113 34.5834
16.554 826.1614 34.5834
16.564 826.1786 34.5836
16.574 826.1897 34.5846
16.584 826.1794 34.5850
16.594 826.1542 34.5835
16.604 826.1556 34.5842
16.614 826.1527 34.5855
16.624 826.2003 34.5853
16.634 826.1799 34.5834
16.644 826.1727 34.5826
16.654 826.1561 34.5835
16.664 826.1802 34.5844
16.674 826.1950 34.5844
16.684 826.1601 34.5836
16.694 826.1804 34.5846
16.704 826.1799 34.5862
16.714 826.1942 34.5869
16.724 826.1781 34.5871
16.734 826.2137 34.5855
16.744 826.1694 34.5865
16.754 826.1850 34.5859
16.764 826.1884 34.5848
16.774 826.1770 34.5857
16.784 826.1847 34.5858
16.794 826.1636 34.5863
16.804 826.1908 34.5861
16.814 826.1578 34.5862
16.824 826.1834 34.5870
16.834 826.1443 34.5869
16.844 826.1675 34.5855
16.854 826.2074 34.5861
16.864 826.1858 34.5863
16.874 826.1712 34.5865
16.884 826.1601 34.5865
16.894 826.1752 34.5866
16.904 826.2214 34.5857
16.914 826.1741 34.5861
16.924 826.1747 34.5873
16.934 826.2083 34.5874
16.944 826.2091 34.5878
16.954 826.1892 34.5881
16.964 826.1520 34.5889
16.974 826.1845 34.5885
16.984 826.1943 34.5878
16.994 826.1440 34.5867
17.004 826.1486 34.5881
17.014 826.1713 34.5883
17.024 826.1932 34.5863
17.034 826.1765 34.5863
17.044 826.1820 34.5854
17.054 826.1704 34.5861
17.064 826.1465 34.5889
17.074 826.1959 34.5895
17.084 826.1848 34.5895
17.094 826.2001 34.5889
17.104 826.1639 34.5883
17.114 826.2012 34.5885
17.124 826.1802 34.5873
17.134 826.1914 34.5882
17.144 826.1911 34.5881
17.154 826.1663 34.5886
17.164 826.1536 34.5897
17.174 826.1687 34.5898
17.184 826.1769 34.5893
17.194 826.1784 34.5873
17.204 826.1631 34.5879
17.214 826.1726 34.5881
17.224 826.1874 34.5881
17.234 826.1959 34.5895
17.244 826.1751 34.5912
17.254 826.1962 34.5925
17.264 826.1709 34.5918
17.274 826.1476 34.5913
17.284 826.1962 34.5906
17.294 826.2173 34.5901
17.304 826.1570 34.5886
17.314 826.1834 34.5870
17.324 826.1798 34.5889
17.334 826.2009 34.5902
17.344 826.1692 34.5891
17.354 826.1776 34.5887
17.364 826.1856 34.5899
17.374 826.1623 34.5894
17.384 826.1417 34.5893
17.394 826.2176 34.5902
17.404 826.1669 34.5917
17.414 826.1720 34.5933
17.424 826.2303 34.5929
17.434 826.1994 34.5922
17.444 826.2089 34.5914
17.454 826.1976 34.5922
17.464 826.1564 34.5929
17.474 826.1928 34.5917
17.484 826.1587 34.5922
17.494 826.1872 34.5908
17.504 826.1653 34.5909
17.514 826.1601 34.5929
17.524 826.1669 34.5917
17.534 826.1780 34.5908
17.544 826.1700 34.5905
17.554 826.1949 34.5928
17.564 826.1709 34.5928
17.574 826.1894 34.5918
17.584 826.2066 34.5930
17.594 826.1976 34.5922
17.604 826.2287 34.5921
17.614 826.1944 34.5934
17.624 826.1857 34.5937
17.634 826.1672 34.5928
17.644 826.1846 34.5932
17.654 826.1413 34.5937
17.664 826.1962 34.5925
17.674 826.1635 34.5928
17.684 826.1873 34.5945
17.694 826.1720 34.5942
17.704 826.1622 34.5930
17.714 826.1658 34.5921
17.724 826.1912 34.5928
17.734 826.1686 34.5944
17.744 826.1691 34.5946
17.754 826.1622 34.5940
17.764 826.1706 34.5936
17.774 826.1995 34.5941
17.784 826.1660 34.5959
17.794 826.1675 34.5948
17.804 826.1699 34.5941
17.814 826.1881 34.5949
17.824 826.1789 34.5959
17.834 826.1728 34.5956
17.844 826.1873 34.5954
17.854 826.1480 34.5961
17.864 826.1699 34.5950
17.874 826.1670 34.5945
17.884 826.1775 34.5942
17.894 826.1286 34.5938
17.904 826.1524 34.5937
17.914 826.1604 34.5959
17.924 826.2069 34.5960
17.934 826.1680 34.5941
17.944 826.1982 34.5944
17.954 826.1752 34.5949
17.964 826.1945 34.5953
17.974 826.1900 34.5959
17.984 826.1659 34.5949
17.994 826.1659 34.5949
18.004 826.1818 34.5954
18.014 826.1911 34.5964
18.024 826.1668 34.5963
18.034 826.2077 34.5945
18.044 826.1815 34.5953
18.054 826.1763 34.5954
18.064 826.2003 34.5945
18.074 826.1702 34.5952
18.084 826.1879 34.5957
18.094 826.1789 34.5959
18.104 826.1668 34.5972
18.114 826.1790 34.5987
18.124 826.1893 34.5983
18.134 826.1723 34.5972
18.144 826.1866 34.5979
18.154 826.1851 34.5989
18.164 826.1618 34.5975
18.174 826.2003 34.5954
18.184 826.1860 34.5957
18.194 826.1813 34.5971
18.204 826.1869 34.5971
18.214 826.1795 34.5971
18.224 826.1993 34.5977
18.234 826.1821 34.5965
18.244 826.1597 34.5973
18.254 826.1378 34.5984
18.264 826.1570 34.5979
18.274 826.1676 34.5967
18.284 826.2001 34.5963
18.294 826.1761 34.5991
18.304 826.1851 34.5999
18.314 826.1573 34.5980
18.324 826.1634 34.5983
18.334 826.1951 34.5993
18.344 826.1859 34.6003
18.354 826.1682 34.6007
18.364 826.1906 34.5989
18.374 826.1695 34.5995
18.384 826.1698 34.6015
18.394 826.1812 34.6035
18.404 826.1421 34.6015
18.414 826.1708 34.5983
18.424 826.1689 34.5983
18.434 826.1446 34.5972
18.444 826.1789 34.5968
18.454 826.1679 34.5996
18.464 826.1795 34.5999
18.474 826.1851 34.5989
18.484 826.1491 34.5985
18.494 826.1711 34.5993
18.504 826.1899 34.6014
18.514 826.1772 34.5996
18.524 826.1639 34.5995
18.534 826.1663 34.5997
18.544 826.1727 34.6001
18.554 826.1701 34.6007
18.564 826.1790 34.6005
18.574 826.1680 34.6015
18.584 826.1648 34.6027
18.594 826.1770 34.6042
18.604 826.1899 34.6023
18.614 826.1772 34.6005
18.624 826.1527 34.6022
18.634 826.1445 34.6018
18.644 826.1386 34.6007
18.654 826.1408 34.6027
18.664 826.1796 34.6027
18.674 826.1743 34.6009
18.684 826.1894 34.6011
18.694 826.1481 34.5999
18.704 826.1631 34.5991
18.714 826.1912 34.6001
18.724 826.1743 34.6019
18.734 826.1678 34.6032
18.744 826.1725 34.6028
18.754 826.1492 34.6023
18.764 826.1849 34.6026
18.774 826.1633 34.6028
18.784 826.1889 34.6027
18.794 826.1741 34.6027
18.804 826.1477 34.6034
18.814 826.1648 34.6027
18.824 826.1788 34.6023
18.834 826.1841 34.6031
18.844 826.1556 34.6036
18.854 826.1374 34.6028
18.864 826.1804 34.6022
18.874 826.1680 34.6024
18.884 826.1886 34.6026
18.894 826.2050 34.6034
18.904 826.1690 34.6020
18.914 826.1769 34.6014
18.924 826.2047 34.6032
18.934 826.1886 34.6035
18.944 826.1556 34.6027
18.954 826.1879 34.6040
18.964 826.1784 34.6067
18.974 826.2011 34.6051
18.984 826.1661 34.6015
18.994 826.1736 34.6034
19.004 826.1604 34.6060
19.014 826.1837 34.6066
19.024 826.1549 34.6051
19.034 826.1305 34.6031
19.044 826.1883 34.6024
19.054 826.1500 34.6018
19.064 826.1598 34.6030
19.074 826.1815 34.6036
19.084 826.1982 34.6046
19.094 826.1697 34.6060
19.104 826.1641 34.6051
19.114 826.1728 34.6048
19.124 826.1795 34.6063
19.134 826.1385 34.6071
19.144 826.1734 34.6070
19.154 826.1718 34.6052
19.164 826.1670 34.6047
19.174 826.1916 34.6059
19.184 826.1385 34.6052
19.194 826.1670 34.6056
19.204 826.1876 34.6058
19.214 826.1889 34.6046
19.224 826.1873 34.6038
19.234 826.1886 34.6035
19.244 826.1620 34.6040
19.254 826.1974 34.6060
19.264 826.1515 34.6071
19.274 826.2069 34.6062
19.284 826.1784 34.6067
19.294 826.2038 34.6064
19.304 826.1710 34.6067
19.314 826.1830 34.6081
19.324 826.1933 34.6086
19.334 826.1758 34.6073
19.344 826.1594 34.6055
19.354 826.1686 34.6055
19.364 826.1644 34.6071
19.374 826.2024 34.6058
19.384 826.1990 34.6050
19.394 826.1689 34.6075
19.404 826.1584 34.6078
19.414 826.1674 34.6077
19.424 826.1660 34.6079
19.434 826.1882 34.6079
19.444 826.1705 34.6074
19.454 826.1742 34.6055
19.464 826.1707 34.6056
19.474 826.1668 34.6074
19.484 826.1647 34.6082
19.494 826.1751 34.6097
19.504 826.1653 34.6094
19.514 826.1758 34.6082
19.524 826.1571 34.6081
19.534 826.1774 34.6081
19.544 826.1811 34.6071
19.554 826.1671 34.6085
19.564 826.1574 34.6101
19.574 826.1793 34.6090
19.584 826.1650 34.6083
19.594 826.1512 34.6070
19.604 826.1436 34.6087
19.614 826.1698 34.6107
19.624 826.1922 34.6090
19.634 826.1912 34.6085
19.644 826.1785 34.6095
19.654 826.1978 34.6090
19.664 826.1779 34.6083
19.674 826.1457 34.6098
19.684 826.1669 34.6102
19.694 826.2205 34.6102
19.704 826.1759 34.6091
19.714 826.1685 34.6091
19.724 826.1817 34.6111
19.734 826.1595 34.6093
19.744 826.1861 34.6087
19.754 826.1761 34.6093
19.764 826.1770 34.6106
19.774 826.1759 34.6120
19.784 826.1703 34.6101
19.794 826.1875 34.6103
19.804 826.1981 34.6110
19.814 826.1714 34.6106
19.824 826.1923 34.6118
19.834 826.2002 34.6111
19.844 826.1862 34.6097
19.854 826.1632 34.6102
19.864 826.1703 34.6101
19.874 826.1817 34.6102
19.884 826.1619 34.6105
19.894 826.1576 34.6102
19.904 826.1418 34.6106
19.914 826.1664 34.6118
19.924 826.1458 34.6117
19.934 826.1656 34.6114
19.944 826.1724 34.6102
19.954 826.1798 34.6093
19.964 826.1632 34.6102
19.974 826.1653 34.6113
19.984 826.1744 34.6130
19.994 826.1572 34.6128
20.004 826.1577 34.6121
20.014 826.1580 34.6141
20.024 826.1598 34.6132
20.034 826.1640 34.6115
20.044 826.1826 34.6134
20.054 826.1509 34.6142
20.064 826.1694 34.6142
20.074 826.1923 34.6128
20.084 826.2124 34.6126
20.094 826.1950 34.6141
20.104 826.2005 34.6132
20.114 826.1696 34.6134
20.124 826.1797 34.6129
20.134 826.1683 34.6137
20.144 826.1567 34.6144
20.154 826.1857 34.6132
20.164 826.1644 34.6136
20.174 826.1958 34.6136
20.184 826.1575 34.6129
20.194 826.1702 34.6137
20.204 826.1771 34.6144
20.214 826.1780 34.6121
20.224 826.1334 34.6129
20.234 826.1882 34.6153
20.244 826.1921 34.6145
20.254 826.1736 34.6136
20.264 826.1871 34.6138
20.274 826.1614 34.6130
20.284 826.1858 34.6141
20.294 826.1644 34.6154
20.304 826.1443 34.6137
20.314 826.1691 34.6132
20.324 826.1868 34.6146
20.334 826.1546 34.6142
20.344 826.2079 34.6132
20.354 826.1662 34.6136
20.364 826.1797 34.6148
20.374 826.1903 34.6164
20.384 826.1871 34.6157
20.394 826.1509 34.6152
20.404 826.1691 34.6150
20.414 826.1668 34.6157
20.424 826.1969 34.6160
20.434 826.1831 34.6137
20.444 826.2251 34.6134
20.454 826.1802 34.6141
20.464 826.1750 34.6161
20.474 826.1866 34.6154
20.484 826.1942 34.6146
20.494 826.1681 34.6154
20.504 826.1800 34.6140
20.514 826.1601 34.6142
20.524 826.1501 34.6148
20.534 826.1605 34.6162
20.544 826.1779 34.6157
20.554 826.1697 34.6144
20.564 826.1731 34.6152
20.574 826.1737 34.6154
20.584 826.1988 34.6160
20.594 826.1647 34.6165
20.604 826.1940 34.6164
20.614 826.2078 34.6177
20.624 826.1608 34.6183
20.634 826.1635 34.6205
20.644 826.1865 34.6209
20.654 826.1687 34.6185
20.664 826.1925 34.6184
20.674 826.1925 34.6193
20.684 826.1793 34.6183
20.694 826.1819 34.6168
20.704 826.1718 34.6164
20.714 826.1364 34.6162
20.724 826.1751 34.6189
20.734 826.2047 34.6199
20.744 826.1637 34.6188
20.754 826.1746 34.6196
20.764 826.1991 34.6199
20.774 826.1558 34.6185
20.784 826.2099 34.6179
20.794 826.1961 34.6165
20.804 826.1409 34.6176
20.814 826.1605 34.6181
20.824 826.1800 34.6168
20.834 826.1607 34.6164
20.844 826.1497 34.6173
20.854 826.1557 34.6176
20.864 826.1673 34.6160
20.874 826.1716 34.6181
20.884 826.1754 34.6200
20.894 826.1619 34.6197
20.904 826.1941 34.6201
20.914 826.1706 34.6185
20.924 826.1650 34.6185
20.934 826.2182 34.6192
20.944 826.1579 34.6177
20.954 826.1703 34.6184
20.964 826.2028 34.6189
20.974 826.1783 34.6205
20.984 826.1516 34.6211
20.994 826.2219 34.6201
21.004 826.1807 34.6199
21.014 826.2230 34.6207
21.024 826.1789 34.6227
21.034 826.1535 34.6220
21.044 826.1881 34.6217
21.054 826.1723 34.6221
21.064 826.1998 34.6230
21.074 826.1720 34.6220
21.084 826.1862 34.6189
21.094 826.1534 34.6183
21.104 826.1875 34.6205
21.114 826.1704 34.6212
21.124 826.1965 34.6195
21.134 826.1746 34.6196
21.144 826.1894 34.6205
21.154 826.1878 34.6197
21.164 826.1937 34.6217
21.174 826.2053 34.6220
21.184 826.2161 34.6209
21.194 826.1609 34.6220
21.204 826.2167 34.6221
21.214 826.1680 34.6219
21.224 826.1511 34.6208
21.234 826.1617 34.6215
21.244 826.1342 34.6225
21.254 826.1812 34.6220
21.264 826.1752 34.6217
21.274 826.1786 34.6216
21.284 826.1493 34.6227
21.294 826.1960 34.6220
21.304 826.1653 34.6205
21.314 826.1519 34.6221
21.324 826.1971 34.6235
21.334 826.1736 34.6238
21.344 826.1662 34.6238
21.354 826.1469 34.6224
21.364 826.1852 34.6221
21.374 826.1260 34.6231
21.384 826.1728 34.6224
21.394 826.1453 34.6235
21.404 826.1414 34.6252
21.414 826.1729 34.6252
21.424 826.1847 34.6238
21.434 826.2286 34.6225
21.444 826.2019 34.6221
21.454 826.1651 34.6213
21.464 826.2116 34.6224
21.474 826.1959 34.6247
21.484 826.1792 34.6247
21.494 826.1755 34.6238
21.504 826.1860 34.6235
21.514 826.2056 34.6240
21.524 826.1580 34.6234
21.534 826.1419 34.6227
21.544 826.1863 34.6236
21.554 826.1638 34.6225
21.564 826.1622 34.6217
21.574 826.1520 34.6240
21.584 826.1822 34.6262
21.594 826.1632 34.6278
21.604 826.1708 34.6260
21.614 826.1911 34.6242
21.624 826.2207 34.6251
21.634 826.1705 34.6250
21.644 826.1890 34.6250
21.654 826.1930 34.6251
21.664 826.2059 34.6260
21.674 826.1668 34.6259
21.684 826.1928 34.6278
21.694 826.1886 34.6285
21.704 826.1792 34.6256
21.714 826.1821 34.6243
21.724 826.1969 34.6243
21.734 826.1583 34.6244
21.744 826.1853 34.6259
21.754 826.1594 34.6259
21.764 826.1811 34.6266
21.774 826.1682 34.6275
21.784 826.1787 34.6263
21.794 826.1906 34.6267
21.804 826.1732 34.6263
21.814 826.1658 34.6272
21.824 826.1658 34.6263
21.834 826.1390 34.6250
21.844 826.1970 34.6271
21.854 826.2158 34.6282
21.864 826.1457 34.6274
21.874 826.1872 34.6259
21.884 826.1555 34.6267
21.894 826.1595 34.6278
21.904 826.1846 34.6283
21.914 826.1938 34.6283
21.924 826.1922 34.6256
21.934 826.1452 34.6262
21.944 826.1634 34.6279
21.954 826.1515 34.6275
21.964 826.1885 34.6275
21.974 826.1631 34.6268
21.984 826.1882 34.6264
21.994 826.1896 34.6271
22.004 826.1814 34.6286
22.014 826.1915 34.6299
22.024 826.1619 34.6280
22.034 826.1613 34.6259
22.044 826.1634 34.6279
22.054 826.1611 34.6295
22.064 826.1888 34.6286
22.074 826.1864 34.6274
22.084 826.1716 34.6264
22.094 826.1608 34.6266
22.104 826.1978 34.6285
22.114 826.1733 34.6301
22.124 826.1955 34.6301
22.134 826.1809 34.6293
22.144 826.1936 34.6291
22.154 826.1801 34.6289
22.164 826.1996 34.6275
22.174 826.1954 34.6282
22.184 826.2010 34.6291
22.194 826.1436 34.6272
22.204 826.1832 34.6267
22.214 826.1933 34.6290
22.224 826.1915 34.6309
22.234 826.1590 34.6303
22.244 826.2068 34.6302
22.254 826.2037 34.6305
22.264 826.1934 34.6318
22.274 826.1784 34.6336
22.284 826.1826 34.6319
22.294 826.1801 34.6298
22.304 826.1653 34.6298
22.314 826.1641 34.6310
22.324 826.1725 34.6297
22.334 826.2167 34.6314
22.344 826.1773 34.6330
22.354 826.1667 34.6305
22.364 826.2092 34.6305
22.374 826.1659 34.6319
22.384 826.1855 34.6325
22.394 826.1720 34.6303
22.404 826.1934 34.6309
22.414 826.1807 34.6319
22.424 826.1984 34.6306
22.434 826.1897 34.6309
22.444 826.2013 34.6302
22.454 826.1693 34.6299
22.464 826.1638 34.6309
22.474 826.1817 34.6306
22.484 826.1593 34.6323
22.494 826.1604 34.6338
22.504 826.1926 34.6323
22.514 826.1926 34.6314
22.524 826.1635 34.6307
22.534 826.1625 34.6311
22.544 826.1717 34.6321
22.554 826.1553 34.6303
22.564 826.1437 34.6310
22.574 826.1760 34.6314
22.584 826.1590 34.6313
22.594 826.1747 34.6326
22.604 826.1939 34.6302
22.614 826.1434 34.6309
22.624 826.1572 34.6331
22.634 826.1575 34.6333
22.644 826.1976 34.6321
22.654 826.1595 34.6297
22.664 826.1730 34.6290
22.674 826.1921 34.6311
22.684 826.1702 34.6331
22.694 826.1805 34.6327
22.704 826.1890 34.6333
22.714 826.1742 34.6333
22.724 826.1969 34.6336
22.734 826.1763 34.6344
22.744 826.1893 34.6344
22.754 826.1713 34.6356
22.764 826.1753 34.6348
22.774 826.1731 34.6337
22.784 826.2151 34.6334
22.794 826.1649 34.6342
22.804 826.1824 34.6337
22.814 826.1681 34.6330
22.824 826.1906 34.6341
22.834 826.1523 34.6344
22.844 826.1716 34.6348
22.854 826.1996 34.6358
22.864 826.1259 34.6350
22.874 826.1980 34.6341
22.884 826.1639 34.6356
22.894 826.1719 34.6358
22.904 826.2041 34.6353
22.914 826.1560 34.6353
22.924 826.1827 34.6348
22.934 826.1604 34.6338
22.944 826.1785 34.6354
22.954 826.2104 34.6357
22.964 826.1800 34.6353
22.974 826.1874 34.6353
22.984 826.1792 34.6330
22.994 826.1702 34.6331
23.004 826.1631 34.6352
23.014 826.1735 34.6376
23.024 826.1632 34.6370
23.034 826.1610 34.6360
23.044 826.1645 34.6358
23.054 826.1811 34.6358
23.064 826.1975 34.6366
23.074 826.2155 34.6373
23.084 826.2031 34.6385
23.094 826.1835 34.6380
23.104 826.1853 34.6361
23.114 826.1605 34.6348
23.124 826.1568 34.6348
23.134 826.1663 34.6358
23.144 826.1904 34.6368
23.154 826.1626 34.6358
23.164 826.1681 34.6349
23.174 826.1578 34.6353
23.184 826.1314 34.6350
23.194 826.1785 34.6364
23.204 826.1846 34.6366
23.214 826.1502 34.6352
23.224 826.1996 34.6368
23.234 826.2158 34.6374
23.244 826.1703 34.6360
23.254 826.1671 34.6362
23.264 826.1888 34.6378
23.274 826.1854 34.6389
23.284 826.1870 34.6388
23.294 826.2094 34.6370
23.304 826.1719 34.6358
23.314 826.1967 34.6353
23.324 826.1774 34.6358
23.334 826.1957 34.6376
23.344 826.1941 34.6386
23.354 826.1751 34.6384
23.364 826.2129 34.6388
23.374 826.1759 34.6378
23.384 826.1814 34.6369
23.394 826.1696 34.6384
23.404 826.1471 34.6392
23.414 826.1875 34.6391
23.424 826.1576 34.6380
23.434 826.2005 34.6381
23.444 826.2016 34.6396
23.454 826.1809 34.6376
23.464 826.1906 34.6360
23.474 826.2089 34.6377
23.484 826.1941 34.6386
23.494 826.1891 34.6389
23.504 826.1699 34.6404
23.514 826.1934 34.6411
23.524 826.1826 34.6403
23.534 826.1551 34.6404
23.544 826.2190 34.6391
23.554 826.1815 34.6388
23.564 826.1873 34.6389
23.574 826.1778 34.6388
23.584 826.1928 34.6399
23.594 826.2005 34.6391
23.604 826.1825 34.6384
23.614 826.1701 34.6386
23.624 826.1902 34.6385
23.634 826.1598 34.6391
23.644 826.1424 34.6396
23.654 826.1701 34.6405
23.664 826.1487 34.6400
23.674 826.1495 34.6395
23.684 826.1559 34.6399
23.694 826.1730 34.6392
23.704 826.1817 34.6389
23.714 826.1529 34.6393
23.724 826.1664 34.6396
23.734 826.1641 34.6403
23.744 826.1723 34.6416
23.754 826.1509 34.6411
23.764 826.1379 34.6411
23.774 826.1311 34.6413
23.784 826.1323 34.6401
23.794 826.1609 34.6405
23.804 826.1582 34.6392
23.814 826.1802 34.6400
23.824 826.1974 34.6412
23.834 826.1421 34.6404
23.844 826.1247 34.6409
23.854 826.1807 34.6412
23.864 826.1628 34.6415
23.874 826.1723 34.6407
23.884 826.1813 34.6424
23.894 826.1636 34.6437
23.904 826.1152 34.6417
23.914 826.1376 34.6400
23.924 826.1522 34.6408
23.934 826.1287 34.6420
23.944 826.1626 34.6432
23.954 826.1382 34.6431
23.964 826.1329 34.6413
23.974 826.1617 34.6419
23.984 826.1549 34.6431
23.994 826.1308 34.6431
24.004 826.1448 34.6427
24.014 826.1435 34.6420
24.024 826.1498 34.6415
24.034 826.1234 34.6431
24.044 826.1645 34.6451
24.054 826.1163 34.6432
24.064 826.1443 34.6424
24.074 826.1144 34.6423
24.084 826.0935 34.6420
24.094 826.1271 34.6431
24.104 826.1149 34.6416
24.114 826.0970 34.6419
24.124 826.1285 34.6428
24.134 826.0790 34.6412
24.144 826.1255 34.6423
24.154 826.1488 34.6428
24.164 826.0888 34.6415
24.174 826.1302 34.6409
24.184 826.0819 34.6417
24.194 826.1049 34.6421
24.204 826.0909 34.6425
24.214 826.0822 34.6437
24.224 826.0954 34.6420
24.234 826.0348 34.6395
24.244 826.0837 34.6408
24.254 826.1153 34.6446
24.264 826.1320 34.6464
24.274 826.1058 34.6463
24.284 826.0870 34.6452
24.294 826.0616 34.6436
24.304 826.0264 34.6399
24.314 825.9404 34.6366
24.324 825.9314 34.6377
24.334 825.9605 34.6393
24.344 825.9716 34.6393
24.354 825.9571 34.6404
24.364 825.9741 34.6415
24.374 825.9839 34.6417
24.384 825.9685 34.6405
24.394 825.9920 34.6403
24.404 825.9825 34.6411
24.414 825.9522 34.6416
24.424 825.9321 34.6417
24.434 825.9698 34.6412
24.444 825.9611 34.6415
24.454 825.9413 34.6417
24.464 825.9609 34.6413
24.474 825.9638 34.6409
24.484 825.9379 34.6419
24.494 825.9270 34.6411
24.504 825.9894 34.6399
24.514 825.9733 34.6411
24.524 825.9513 34.6412
24.534 825.9318 34.6416
24.544 825.9323 34.6419
24.554 825.9799 34.6416
24.564 825.9601 34.6419
24.574 825.9415 34.6400
24.584 825.9664 34.6404
24.594 825.9765 34.6436
24.604 825.9279 34.6424
24.614 825.9479 34.6413
24.624 825.8972 34.6419
24.634 825.9278 34.6415
24.644 825.9064 34.6419
24.654 825.9019 34.6415
24.664 825.9130 34.6415
24.674 825.9392 34.6416
24.684 825.9762 34.6425
24.694 825.9882 34.6458
24.704 825.9951 34.6464
24.714 826.0376 34.6455
24.724 826.0474 34.6467
24.734 826.0155 34.6474
24.744 826.0216 34.6476
24.754 826.0265 34.6464
24.764 826.0160 34.6476
24.774 826.0528 34.6494
24.784 826.0400 34.6467
24.794 826.0025 34.6464
24.804 826.0290 34.6486
24.814 826.0583 34.6494
24.824 826.0033 34.6478
24.834 826.0112 34.6471
24.844 826.0737 34.6496
24.854 826.0317 34.6499
24.864 826.0327 34.6486
24.874 826.0317 34.6499
24.884 826.0515 34.6506
24.894 826.0290 34.6495
24.904 826.0134 34.6491
24.914 825.9997 34.6496
24.924 826.0480 34.6498
24.934 826.0039 34.6499
24.944 826.0359 34.6511
24.954 826.0877 34.6511
24.964 826.0568 34.6505
24.974 826.0388 34.6498
24.984 826.0327 34.6495
24.994 826.0243 34.6509
25.004 826.0420 34.6505
25.014 826.0216 34.6486
25.024 826.0390 34.6490
25.034 826.0436 34.6522
25.044 826.0502 34.6518
25.054 826.0861 34.6484
25.064 826.0313 34.6479
25.074 826.0250 34.6494
25.084 826.0515 34.6506
25.094 826.0370 34.6507
25.104 826.0330 34.6515
25.114 826.0397 34.6521
25.124 826.0668 34.6509
25.134 826.0975 34.6495
25.144 826.0502 34.6509
25.154 826.0843 34.6522
25.164 826.0564 34.6539
25.174 826.0733 34.6550
25.184 826.0717 34.6533
25.194 826.0907 34.6526
25.204 826.0748 34.6530
25.214 826.0786 34.6539
25.224 826.1037 34.6545
25.234 826.0651 34.6546
25.244 826.1143 34.6561
25.254 826.0831 34.6562
25.264 826.0889 34.6554
25.274 826.0823 34.6568
25.284 826.0842 34.6568
25.294 826.0865 34.6561
25.304 826.0924 34.6562
25.314 826.1309 34.6561
25.324 826.0839 34.6557
25.334 826.0625 34.6552
25.344 826.0889 34.6564
25.354 826.0813 34.6562
25.364 826.0731 34.6558
25.374 826.1037 34.6554
25.384 826.0947 34.6556
25.394 826.0882 34.6578
25.404 826.1019 34.6573
25.414 826.0873 34.6546
25.424 826.1032 34.6561
25.434 826.0869 34.6581
25.444 826.0726 34.6574
25.454 826.0459 34.6570
25.464 826.0533 34.6570
25.474 826.0900 34.6569
25.484 826.0712 34.6568
25.494 826.0993 34.6569
25.504 826.0398 34.6558
25.514 826.0604 34.6560
25.524 826.0889 34.6564
25.534 826.0509 34.6568
25.544 826.0363 34.6560
25.554 826.0617 34.6566
25.564 826.0456 34.6578
25.574 826.0789 34.6569
25.584 826.0596 34.6556
25.594 826.0411 34.6565
25.604 826.0506 34.6576
25.614 826.0194 34.6549
25.624 826.0408 34.6545
25.634 826.0612 34.6554
25.644 826.0704 34.6554
25.654 826.0485 34.6556
25.664 826.0939 34.6561
25.674 826.0561 34.6557
25.684 826.0908 34.6564
25.694 826.0598 34.6557
25.704 826.0479 34.6553
25.714 826.0461 34.6562
25.724 826.0583 34.6558
25.734 826.0530 34.6569
25.744 826.1024 34.6557
25.754 826.0538 34.6564
25.764 826.0322 34.6585
25.774 826.0649 34.6573
25.784 826.0316 34.6573
25.794 826.0734 34.6578
25.804 826.0596 34.6574
25.814 826.0562 34.6566
25.824 826.0778 34.6554
25.834 826.0474 34.6560
25.844 826.0720 34.6562
25.854 826.0807 34.6550
25.864 826.0593 34.6564
25.874 826.0953 34.6577
25.884 826.0620 34.6586
25.894 826.0860 34.6568
25.904 826.1090 34.6553
25.914 826.0800 34.6574
25.924 826.0504 34.6574
25.934 826.0635 34.6557
25.944 826.0725 34.6565
25.954 826.0578 34.6584
25.964 826.0559 34.6574
25.974 826.0606 34.6561
25.984 826.0752 34.6569
25.994 826.0948 34.6584
26.004 826.0668 34.6592
26.014 826.0721 34.6590
26.024 826.0713 34.6586
26.034 826.0589 34.6589
26.044 826.0885 34.6589
26.054 826.1032 34.6580
26.064 826.0996 34.6589
26.074 826.0869 34.6600
26.084 826.0700 34.6598
26.094 826.1017 34.6609
26.104 826.0621 34.6605
26.114 826.1374 34.6593
26.124 826.1006 34.6594
26.134 826.1245 34.6612
26.144 826.1041 34.6602
26.154 826.1287 34.6605
26.164 826.1002 34.6611
26.174 826.0983 34.6601
26.184 826.0965 34.6620
26.194 826.1232 34.6615
26.204 826.0999 34.6609
26.214 826.1229 34.6623
26.224 826.1163 34.6608
26.234 826.1046 34.6605
26.244 826.1144 34.6608
26.254 826.0969 34.6585
26.264 826.0919 34.6578
26.274 826.0831 34.6572
26.284 826.0882 34.6597
26.294 826.1063 34.6623
26.304 826.1258 34.6619
26.314 826.0907 34.6628
26.324 826.1213 34.6615
26.334 826.0988 34.6604
26.344 826.1342 34.6605
26.354 826.1165 34.6609
26.364 826.1192 34.6623
26.374 826.0909 34.6620
26.384 826.0772 34.6635
26.394 826.1246 34.6640
26.404 826.0904 34.6617
26.414 826.1176 34.6615
26.424 826.1028 34.6615
26.434 826.1263 34.6612
26.444 826.1171 34.6612
26.454 826.1047 34.6624
26.464 826.1182 34.6627
26.474 826.1369 34.6628
26.484 826.1013 34.6625
26.494 826.1221 34.6619
26.504 826.0759 34.6628
26.514 826.1285 34.6623
26.524 826.0886 34.6636
26.534 826.0831 34.6645
26.544 826.0836 34.6639
26.554 826.1140 34.6643
26.564 826.0643 34.6635
26.574 826.0838 34.6621
26.584 826.1097 34.6612
26.594 826.1039 34.6611
26.604 826.1298 34.6629
26.614 826.1058 34.6639
26.624 826.1264 34.6640
26.634 826.1098 34.6649
26.644 826.1010 34.6643
26.654 826.1212 34.6660
26.664 826.1262 34.6667
26.674 826.1195 34.6643
26.684 826.1055 34.6647
26.694 826.0940 34.6663
26.704 826.0934 34.6651
26.714 826.0886 34.6636
26.724 826.0910 34.6629
26.734 826.0904 34.6627
26.744 826.1034 34.6636
26.754 826.1106 34.6644
26.764 826.1259 34.6647
26.774 826.1257 34.6655
26.784 826.0842 34.6660
26.794 826.0961 34.6655
26.804 826.1172 34.6659
26.814 826.1159 34.6652
26.824 826.1132 34.6639
26.834 826.1183 34.6655
26.844 826.0905 34.6664
26.854 826.0594 34.6666
26.864 826.0966 34.6648
26.874 826.0736 34.6644
26.884 826.0813 34.6655
26.894 826.0741 34.6656
26.904 826.0810 34.6663
26.914 826.0673 34.6668
26.924 826.0990 34.6670
26.934 826.1056 34.6666
26.944 826.0776 34.6664
26.954 826.0794 34.6664
26.964 826.1167 34.6666
26.974 826.0652 34.6667
26.984 826.1098 34.6668
26.994 826.0567 34.6662
27.004 826.0554 34.6664
27.014 826.1006 34.6668
27.024 826.1202 34.6674
27.034 826.0946 34.6684
27.044 826.0837 34.6676
27.054 826.1014 34.6663
27.064 826.0940 34.6663
27.074 826.1172 34.6668
27.084 826.0789 34.6671
27.094 826.1046 34.6670
27.104 826.1067 34.6671
27.114 826.0866 34.6672
27.124 826.1077 34.6676
27.134 826.1009 34.6679
27.144 826.1170 34.6676
27.154 826.1006 34.6678
27.164 826.1025 34.6687
27.174 826.0813 34.6683
27.184 826.0871 34.6675
27.194 826.1127 34.6664
27.204 826.0984 34.6657
27.214 826.0826 34.6662
27.224 826.1114 34.6667
27.234 826.1154 34.6678
27.244 826.0835 34.6694
27.254 826.1192 34.6706
27.264 826.1030 34.6690
27.274 826.1205 34.6684
27.284 826.1440 34.6700
27.294 826.1392 34.6695
27.304 826.1159 34.6680
27.314 826.0972 34.6688
27.324 826.0977 34.6691
27.334 826.1521 34.6676
27.344 826.1162 34.6691
27.354 826.1313 34.6702
27.364 826.1318 34.6686
27.374 826.1247 34.6678
27.384 826.1059 34.6676
27.394 826.0966 34.6676
27.404 826.0814 34.6692
27.414 826.0837 34.6695
27.424 826.0779 34.6684
27.434 826.0708 34.6686
27.444 826.0842 34.6679
27.454 826.0940 34.6682
27.464 826.0833 34.6721
27.474 826.0733 34.6726
27.484 826.0727 34.6704
27.494 826.1028 34.6698
27.504 826.0563 34.6715
27.514 826.1023 34.6714
27.524 826.0798 34.6684
27.534 826.1102 34.6688
27.544 826.1239 34.6692
27.554 826.0835 34.6694
27.564 826.1091 34.6692
27.574 826.1266 34.6696
27.584 826.1316 34.6713
27.594 826.0843 34.6698
27.604 826.0621 34.6688
27.614 826.0650 34.6703
27.624 826.1052 34.6700
27.634 826.1234 34.6699
27.644 826.1361 34.6707
27.654 826.0788 34.6707
27.664 826.1316 34.6703
27.674 826.0973 34.6707
27.684 826.0811 34.6710
27.694 826.0811 34.6710
27.704 826.0984 34.6722
27.714 826.0918 34.6726
27.724 826.1071 34.6719
27.734 826.0946 34.6713
27.744 826.1102 34.6707
27.754 826.0838 34.6714
27.764 826.0978 34.6729
27.774 826.0954 34.6717
27.784 826.1070 34.6700
27.794 826.1121 34.6717
27.804 826.1290 34.6727
27.814 826.1338 34.6733
27.824 826.0968 34.6723
27.834 826.1155 34.6706
27.844 826.0904 34.6700
27.854 826.0714 34.6707
27.864 826.0875 34.6723
27.874 826.0809 34.6727
27.884 826.1163 34.6719
27.894 826.1041 34.6714
27.904 826.0920 34.6718
27.914 826.1029 34.6726
27.924 826.1034 34.6738
27.934 826.1074 34.6730
27.944 826.1084 34.6717
27.954 826.1155 34.6725
27.964 826.0950 34.6733
27.974 826.1317 34.6731
27.984 826.0936 34.6717
27.994 826.1158 34.6726
28.004 826.1246 34.6742
28.014 826.0751 34.6726
28.024 826.1087 34.6737
28.034 826.0855 34.6741
28.044 826.0941 34.6719
28.054 826.1108 34.6729
28.064 826.1098 34.6742
28.074 826.1118 34.6725
28.084 826.1007 34.6725
28.094 826.1008 34.6743
28.104 826.1275 34.6757
28.114 826.0744 34.6750
28.124 826.0825 34.6726
28.134 826.0847 34.6737
28.144 826.1267 34.6743
28.154 826.0968 34.6742
28.164 826.1019 34.6749
28.174 826.0984 34.6731
28.184 826.0918 34.6726
28.194 826.1261 34.6731
28.204 826.0875 34.6723
28.214 826.1002 34.6713
28.224 826.1383 34.6737
28.234 826.1054 34.6766
28.244 826.1238 34.6747
28.254 826.1391 34.6741
28.264 826.1236 34.6765
28.274 826.1307 34.6754
28.284 826.1224 34.6731
28.294 826.1118 34.6725
28.304 826.0902 34.6727
28.314 826.1058 34.6731
28.324 826.0984 34.6731
28.334 826.0842 34.6753
28.344 826.0947 34.6750
28.354 826.1045 34.6743
28.364 826.1035 34.6747
28.374 826.0847 34.6746
28.384 826.0971 34.6753
28.394 826.1220 34.6766
28.404 826.1006 34.6751
28.414 826.0881 34.6745
28.424 826.0969 34.6751
28.434 826.0887 34.6757
28.444 826.0702 34.6757
28.454 826.1341 34.6753
28.464 826.1046 34.6772
28.474 826.1278 34.6758
28.484 826.1019 34.6758
28.494 826.0993 34.6773
28.504 826.1296 34.6749
28.514 826.1113 34.6731
28.524 826.1063 34.6743
28.534 826.0773 34.6765
28.544 826.1402 34.6765
28.554 826.0958 34.6746
28.564 826.0928 34.6731
28.574 826.1275 34.6738
28.584 826.0934 34.6762
28.594 826.1072 34.6766
28.604 826.1165 34.6766
28.614 826.1078 34.6778
28.624 826.1096 34.6769
28.634 826.1429 34.6759
28.644 826.0858 34.6780
28.654 826.0782 34.6778
28.664 826.1310 34.6774
28.674 826.0853 34.6777
28.684 826.1466 34.6759
28.694 826.1299 34.6769
28.704 826.1221 34.6785
28.714 826.1297 34.6777
28.724 826.1133 34.6778
28.734 826.1332 34.6794
28.744 826.1141 34.6782
28.754 826.1083 34.6772
28.764 826.1226 34.6788
28.774 826.1064 34.6772
28.784 826.1225 34.6769
28.794 826.1019 34.6777
28.804 826.1162 34.6774
28.814 826.0998 34.6776
28.824 826.1276 34.6766
28.834 826.1093 34.6768
28.844 826.1527 34.6772
28.854 826.1067 34.6773
28.864 826.1088 34.6784
28.874 826.1279 34.6796
28.884 826.1094 34.6796
28.894 826.1284 34.6789
28.904 826.1043 34.6780
28.914 826.1231 34.6772
28.924 826.0890 34.6777
28.934 826.0766 34.6780
28.944 826.1297 34.6786
28.954 826.1184 34.6794
28.964 826.1025 34.6780
28.974 826.1078 34.6788
28.984 826.1075 34.6796
28.994 826.1057 34.6786
29.004 826.1173 34.6798
29.014 826.1388 34.6813
29.024 826.1422 34.6821
29.034 826.1382 34.6801
29.044 826.1176 34.6790
29.054 826.0956 34.6792
29.064 826.0763 34.6788
29.074 826.1308 34.6801
29.084 826.1129 34.6813
29.094 826.1417 34.6828
29.104 826.1317 34.6824
29.114 826.1089 34.6812
29.124 826.0946 34.6796
29.134 826.1202 34.6785
29.144 826.0988 34.6789
29.154 826.1070 34.6802
29.164 826.1057 34.6796
29.174 826.1208 34.6797
29.184 826.0997 34.6821
29.194 826.0894 34.6816
29.204 826.1211 34.6808
29.214 826.1237 34.6821
29.224 826.1425 34.6823
29.234 826.1224 34.6805
29.244 826.1187 34.6805
29.254 826.1134 34.6816
29.264 826.1219 34.6821
29.274 826.1285 34.6817
29.284 826.1089 34.6812
29.294 826.1535 34.6794
29.304 826.1207 34.6788
29.314 826.0890 34.6796
29.324 826.1198 34.6820
29.334 826.1330 34.6831
29.344 826.1259 34.6832
29.354 826.1280 34.6833
29.364 826.1092 34.6813
29.374 826.1213 34.6809
29.384 826.1123 34.6810
29.394 826.1222 34.6823
29.404 826.1024 34.6835
29.414 826.0960 34.6831
29.424 826.1153 34.6816
29.434 826.1129 34.6813
29.444 826.1261 34.6805
29.454 826.1094 34.6805
29.464 826.1364 34.6820
29.474 826.1192 34.6817
29.484 826.1343 34.6818
29.494 826.1388 34.6832
29.504 826.1735 34.6857
29.514 826.1053 34.6849
29.524 826.1571 34.6840
29.534 826.1167 34.6851
29.544 826.1650 34.6843
29.554 826.1569 34.6848
29.564 826.1434 34.6845
29.574 826.1008 34.6827
29.584 826.1423 34.6831
29.594 826.1122 34.6847
29.604 826.1402 34.6839
29.614 826.1240 34.6823
29.624 826.1798 34.6833
29.634 826.1011 34.6837
29.644 826.1296 34.6832
29.654 826.1399 34.6837
29.664 826.1360 34.6845
29.674 826.1569 34.6848
29.684 826.1370 34.6841
29.694 826.1449 34.6844
29.704 826.1368 34.6849
29.714 826.1547 34.6847
29.724 826.1590 34.6849
29.734 826.1429 34.6861
29.744 826.1468 34.6853
29.754 826.1513 34.6848
29.764 826.1590 34.6859
29.774 826.1297 34.6860
29.784 826.1598 34.6863
29.794 826.1643 34.6857
29.804 826.1516 34.6859
29.814 826.1289 34.6856
29.824 826.1654 34.6863
29.834 826.1611 34.6851
29.844 826.1552 34.6840
29.854 826.1740 34.6851
29.864 826.1209 34.6844
29.874 826.1553 34.6849
29.884 826.1527 34.6864
29.894 826.1667 34.6879
29.904 826.1445 34.6869
29.914 826.1059 34.6861
29.924 826.1300 34.6871
29.934 826.1569 34.6867
29.944 826.1524 34.6863
29.954 826.1580 34.6872
29.964 826.1424 34.6878
29.974 826.1286 34.6873
29.984 826.1654 34.6872
29.994 826.1596 34.6880
